[[[ 1.71891637e+00  4.90179989e-01 -1.88605856e-01 ... -7.38113472e-01
   -1.73182376e+00 -7.67783176e-01]
  [ 1.36084502e+00  3.41062001e-01 -1.14001144e-01 ... -1.01873381e+00
   -1.75088050e+00 -1.21456857e+00]
  [ 1.59639327e+00  5.47508327e-01  2.75862421e-01 ... -1.32734808e+00
   -1.80949293e+00 -1.06711389e+00]
  ...
  [ 1.01947157e+00  4.17936943e-01 -1.25841321e-01 ... -1.16863315e+00
   -1.65416987e+00 -1.26915916e+00]
  [ 1.22792053e+00  2.70402255e-01 -3.41775818e-01 ... -8.31066892e-01
   -1.60714434e+00 -1.26648669e+00]
  [ 1.45374549e+00  3.38878111e-01  1.08888850e-04 ... -1.23827148e+00
   -1.75729071e+00 -1.10793432e+00]]

 [[ 1.74229337e+00  4.28394582e-01 -1.94397242e-01 ... -8.82533896e-01
   -1.69794971e+00 -9.24378346e-01]
  [ 1.57136692e+00  3.28776729e-01 -1.05050758e-01 ... -9.67563806e-01
   -1.66554465e+00 -1.15425988e+00]
  [ 1.40230171e+00  4.68475169e-01 -4.14723859e-02 ... -8.39897917e-01
   -1.74550893e+00 -1.07071000e+00]
  ...
  [ 1.60258774e+00  3.11686863e-01 -2.99522021e-01 ... -9.08011254e-01
   -1.57503819e+00 -9.08011254e-01]
  [ 1.26201582e+00  1.55489675e-01 -1.91882371e-01 ... -9.95234388e-01
   -1.66590900e+00 -1.20787297e+00]
  [ 1.38416216e+00  6.70502827e-01  5.78685929e-02 ... -1.16630595e+00
   -1.66833646e+00 -1.16630595e+00]]

 [[ 1.55947387e+00  3.04041906e-01 -1.96012428e-01 ... -9.00168513e-01
   -1.75087265e+00 -1.16188887e+00]
  [ 1.27289381e+00  3.29471893e-01 -5.96111227e-02 ... -1.08252330e+00
   -1.70432614e+00 -1.23410161e+00]
  [ 1.40284504e+00  2.15255222e-01 -1.99369899e-01 ... -1.02370581e+00
   -1.69079215e+00 -1.20213821e+00]
  ...
  [ 1.65806072e+00  5.06204093e-01 -1.82883011e-01 ... -1.09641365e+00
   -1.72546528e+00 -1.09641365e+00]
  [ 1.47956282e+00  3.52996315e-01  1.00824764e-01 ... -1.00866822e+00
   -1.69363814e+00 -1.00866822e+00]
  [ 1.59275105e+00  3.97590489e-01 -1.23120026e-01 ... -1.06346915e+00
   -1.61455028e+00 -1.06346915e+00]]

 ...

 [[ 1.74107642e+00  3.15044856e-01 -2.75709928e-01 ... -7.73609359e-01
   -1.65724758e+00 -7.73609359e-01]
  [ 1.69629965e+00  4.48279507e-01 -1.08641951e-01 ... -9.99155268e-01
   -1.67845949e+00 -9.99155268e-01]
  [ 1.62717774e+00  4.04816929e-01 -3.33062981e-01 ... -8.31034524e-01
   -1.64695691e+00 -1.05887333e+00]
  ...
  [ 1.59108875e+00  5.82878780e-01 -4.29649462e-02 ... -9.26043345e-01
   -1.75106689e+00 -8.92188332e-01]
  [ 1.61823896e+00  3.34726330e-01 -3.64641221e-02 ... -9.30701903e-01
   -1.76615119e+00 -1.16399341e+00]
  [ 1.58655296e+00  3.57053864e-01 -3.95631298e-01 ... -7.44278006e-01
   -1.63820642e+00 -9.94839099e-01]]

 [[ 1.72245646e+00  3.34049371e-01 -4.30387625e-01 ... -4.30387625e-01
   -1.60781715e+00 -9.01359435e-01]
  [ 1.61636588e+00  3.48958922e-01 -1.55865204e-01 ... -8.66737916e-01
   -1.72555654e+00 -1.13095471e+00]
  [ 1.34232800e+00  3.54973749e-01 -1.45529934e-01 ... -8.83881704e-01
   -1.70178736e+00 -1.11227432e+00]
  ...
  [ 1.78031936e+00  4.49516118e-01  1.24660469e-01 ... -9.38853271e-01
   -1.68638466e+00 -1.13880313e+00]
  [ 1.59171454e+00  5.40476483e-01 -5.58288308e-02 ... -1.04970803e+00
   -1.73665927e+00 -1.00931664e+00]
  [ 1.61288422e+00  4.02683015e-01 -3.09701332e-01 ... -7.90466736e-01
   -1.57819700e+00 -1.01043315e+00]]

 [[ 1.67579337e+00  6.22965272e-01 -3.09215569e-01 ... -8.64094249e-01
   -1.55679087e+00 -8.35669299e-01]
  [ 1.50744415e+00  3.67791902e-01 -3.26063155e-01 ... -8.42981657e-01
   -1.60779241e+00 -1.02981530e+00]
  [ 1.52311397e+00  3.74503542e-01 -2.52691658e-01 ... -1.11527185e+00
   -1.66469731e+00 -1.11527185e+00]
  ...
  [ 1.62591854e+00  6.16854676e-01 -9.51910111e-03 ... -1.16858618e+00
   -1.71906770e+00 -8.59461727e-01]
  [ 1.39530264e+00  3.59771352e-01 -1.02319228e-01 ... -1.02102347e+00
   -1.76447653e+00 -1.21988246e+00]
  [ 1.63417505e+00  3.36937394e-01 -3.82223193e-02 ... -9.42022479e-01
   -1.78640550e+00 -9.07373045e-01]]]